138
142
149
156
163
170
177
183
189
195
201
206
211
216
220
224
228
231
234
236
238
240
241
242
242
242
242
241
241
240
239
237
236
234
233
231
230
228
227
225
224
223
222
221
220
219
219
219
219
219
219
219
219
219
219
220
220
220
220
220
220
219
219
218
217
216
215
213
211
209
207
204
202
199
196
192
189
185
181
178
174
169
165
161
157
153
149
145
141
137
133
130
127
123
121
118
115
113
111
110
108
107
106
105
105
104
104
104
104
105
105
105
106
106
107
107
108
108
108
109
109
109
109
109
109
109
109
109
110
110
110
111
112
112
113
115
116
118
119
121
124
126
128
131
134
137
141
144
147
151
155
158
162
166
170
173
177
181
184
188
191
194
197
200
203
205
207
209
211
212
214
215
215
216
216
216
216
215
214
213
212
210
208
206
204
201
199
196
193
190
187
184
181
177
174
171
168
165
162
159
156
154
151
149
147
145
143
141
139
138
136
135
134
132
131
130
129
128
127
125
124
123
122
121
120
119
118
117
117
116
115
114
113
112
112
111
110
110
109
109
108
108
108
108
108
108
108
108
108
109
109
110
111
111
112
112.5
113
114
114
115
115
115
116
116
116
116
116
115
115
114
114
113
112
111
109
108
107
105
104
102
100
98
97
95
93
92
90
89
87
86
85
84
84
83
83
84
84
85
86
87
89
90
92
95
97
100
103
106
110
113
117
120
124
128
132
135
139
143
146
150
153
156
159
162
164
167
169
170
172
173
174
175
176
176
177
177
177
177
176
176
176
175
175
174
174
174
173
173
173
172
172
172
172
172
172
172
172
172
172
172
173
173
173
174
174
175
175
175
176
176
177
177
177
178
178
178
179
179
179
180
180
180
180
180
181
181
181
181
181
181
181
181
181
181
182
182
181
181
181
181
181
181
181
181
181
181
181
180
180
180
180
179
179
179
179
178
178
178
177
177
176
176
176
175
175
174
174
173
173
172
172
171
170
170
169
169
168
167
167
166
165
165
164
163
162
162
161
160
159
158
157
156
155
154
153
152
151
150
149
148
147
146
145
143
142
141
140
138
137
135
133
132
130
128
125
123
121
118
116
113
110
107
104
101
97
94
91
87
83
80
76
72
68
64
61
57
53
49
46
42
39
35
32
29
25
23
20
17
15
12
10
8
6
4
2
0
0
0
0
0
0
0
0
0
0
0
0
0
0
0
0
0
0
0
0
0
0
0
0
0
1
3
4
6
8
10
11
13
15
17
20
22
24
26
28
31
33
35
38
40
43
45
48
50
52
54
57
59
60
62
63
65
66
66
67
67
68
68
67
67
67
66
65
64
63
62
61
60
59
58
57
56
55
54
53
53
52
52
52
52
